0 1 9
0 2 7
0 3 14
0 4 4
0 5 3
0 6 8
0 7 24
0 8 11
0 9 3
0 10 10
0 11 1
0 12 2
0 13 11
0 14 11
0 15 3
0 16 11
0 17 5
0 18 1
0 19 4
0 20 6
0 21 2
0 22 2
0 24 5
0 25 7
0 26 6
0 27 6
0 28 4
0 29 4
0 30 3
0 31 9
0 32 4
0 33 7
0 34 11
0 36 2
0 37 3
0 38 7
0 39 2
0 41 7
0 42 2
0 44 7
0 47 2
0 48 2
0 50 8
0 51 11
0 53 10
0 55 4
0 56 7
0 57 4
0 58 3
0 59 3
0 60 1
0 61 5
0 62 9
0 63 3
0 64 7
0 65 5
0 66 1
0 67 2
0 68 4
0 70 1
0 71 1
0 72 2
0 75 10
0 76 2
0 77 3
0 79 5
0 80 1
0 81 3
0 82 4
0 83 1
0 84 1
0 85 2
0 87 1
0 88 2
0 89 1
0 92 1
0 93 1
0 96 2
1 0 16
1 2 8
1 3 9
1 4 4
1 5 3
1 7 3
1 8 3
1 9 2
1 10 8
1 12 1
1 13 4
1 14 6
1 15 1
1 16 5
1 17 7
1 18 1
1 19 5
1 20 5
1 21 2
1 22 3
1 23 1
1 24 1
1 25 6
1 26 4
1 27 5
1 28 4
1 29 1
1 30 2
1 31 4
1 33 3
1 34 2
1 36 2
1 38 5
1 39 3
1 40 1
1 41 2
1 43 1
1 44 3
1 47 1
1 50 8
1 51 5
1 52 1
1 53 1
1 54 1
1 55 3
1 56 3
1 57 3
1 58 1
1 59 3
1 61 1
1 62 4
1 63 5
1 64 1
1 65 1
1 67 1
1 68 4
1 69 2
1 75 4
1 76 1
1 78 1
1 79 4
1 82 2
1 83 2
1 84 2
1 86 1
1 89 1
1 90 1
1 93 1
1 96 1
1 99 1
2 0 9
2 1 4
2 3 9
2 4 3
2 5 4
2 6 2
2 7 9
2 8 5
2 9 1
2 10 2
2 11 1
2 13 8
2 14 2
2 15 3
2 16 3
2 17 1
2 18 1
2 19 1
2 20 2
2 21 2
2 22 1
2 23 3
2 24 1
2 25 2
2 26 2
2 27 5
2 28 4
2 29 2
2 31 4
2 32 2
2 33 1
2 34 1
2 36 1
2 38 5
2 39 2
2 40 1
2 41 2
2 42 1
2 44 2
2 45 1
2 50 2
2 51 6
2 52 3
2 53 2
2 54 2
2 56 6
2 57 1
2 58 1
2 59 3
2 62 3
2 63 2
2 64 3
2 65 1
2 66 1
2 68 4
2 70 1
2 71 1
2 73 1
2 75 4
2 76 1
2 77 1
2 78 3
2 81 4
2 82 2
2 85 1
2 87 2
2 88 1
2 89 1
2 91 2
2 92 1
2 93 1
2 94 2
2 95 2
2 96 1
3 0 15
3 1 9
3 2 8
3 4 5
3 5 5
3 6 4
3 7 17
3 8 8
3 9 3
3 10 8
3 11 2
3 12 2
3 13 12
3 14 14
3 15 2
3 16 10
3 17 8
3 18 1
3 19 5
3 20 4
3 21 1
3 22 1
3 24 6
3 25 13
3 26 1
3 27 2
3 28 5
3 29 1
3 30 3
3 31 7
3 32 2
3 34 4
3 35 2
3 36 1
3 38 5
3 39 2
3 41 4
3 42 3
3 44 7
3 45 2
3 46 1
3 47 3
3 48 1
3 49 1
3 50 10
3 51 8
3 52 3
3 53 5
3 54 5
3 55 8
3 56 6
3 57 2
3 59 1
3 61 4
3 62 2
3 63 3
3 64 2
3 65 3
3 66 1
3 67 1
3 68 4
3 70 3
3 71 2
3 72 2
3 73 1
3 75 9
3 77 2
3 78 1
3 79 4
3 81 4
3 82 2
3 84 1
3 87 1
3 88 1
3 89 1
3 90 2
3 91 1
3 92 3
3 93 1
3 94 2
4 0 5
4 1 9
4 2 1
4 3 8
4 5 1
4 7 3
4 10 4
4 11 1
4 13 2
4 14 7
4 17 2
4 18 1
4 19 3
4 20 1
4 22 1
4 23 1
4 25 2
4 26 2
4 27 2
4 34 1
4 35 1
4 39 1
4 40 1
4 41 4
4 44 3
4 45 1
4 46 1
4 48 1
4 49 1
4 50 6
4 51 5
4 52 1
4 53 1
4 57 1
4 60 1
4 61 1
4 62 2
4 64 1
4 65 2
4 67 1
4 69 1
4 75 2
4 78 1
4 82 2
4 85 1
4 87 1
4 95 1
5 0 3
5 1 5
5 2 4
5 3 3
5 4 2
5 6 2
5 7 4
5 8 1
5 10 6
5 13 3
5 14 3
5 15 1
5 16 3
5 19 2
5 24 1
5 25 4
5 27 1
5 28 2
5 31 3
5 33 1
5 34 1
5 38 1
5 41 2
5 44 4
5 48 1
5 50 1
5 51 4
5 52 1
5 53 1
5 55 1
5 56 3
5 57 1
5 60 2
5 61 1
5 62 1
5 64 2
5 65 1
5 68 1
5 75 4
5 76 1
5 78 2
5 81 2
5 82 1
5 87 1
5 89 2
5 92 1
6 0 2
6 1 1
6 2 1
6 3 5
6 4 3
6 5 1
6 7 4
6 9 2
6 10 1
6 13 1
6 16 1
6 17 1
6 19 1
6 20 1
6 25 4
6 29 1
6 30 1
6 32 1
6 33 1
6 36 1
6 38 3
6 40 1
6 41 1
6 50 2
6 51 4
6 55 1
6 56 1
6 57 1
6 68 1
6 70 1
6 75 1
6 78 2
6 79 1
6 82 1
6 92 1
7 0 23
7 1 1
7 2 9
7 3 10
7 4 6
7 5 6
7 6 3
7 10 11
7 11 4
7 13 6
7 14 11
7 15 2
7 16 8
7 17 3
7 18 2
7 19 3
7 20 8
7 22 3
7 23 2
7 24 3
7 25 12
7 26 1
7 27 7
7 28 6
7 29 3
7 30 1
7 31 4
7 32 3
7 33 4
7 34 7
7 35 1
7 36 2
7 38 4
7 39 2
7 40 2
7 41 3
7 42 2
7 43 1
7 44 7
7 45 3
7 46 1
7 47 1
7 48 1
7 50 9
7 51 15
7 53 5
7 54 3
7 55 3
7 56 4
7 57 3
7 58 1
7 59 3
7 61 2
7 62 2
7 63 4
7 64 2
7 65 6
7 66 2
7 67 1
7 68 1
7 69 1
7 70 4
7 72 2
7 73 2
7 75 2
7 76 2
7 77 3
7 78 4
7 79 1
7 81 5
7 82 6
7 84 1
7 90 1
7 91 1
7 92 1
7 95 1
8 0 7
8 1 5
8 2 4
8 3 8
8 4 2
8 5 2
8 7 2
8 9 2
8 13 4
8 14 4
8 15 1
8 16 2
8 17 2
8 20 1
8 23 1
8 25 1
8 26 1
8 27 2
8 29 1
8 30 1
8 32 2
8 33 1
8 34 3
8 37 1
8 38 2
8 39 1
8 44 2
8 48 3
8 51 2
8 56 3
8 57 3
8 58 2
8 60 1
8 61 2
8 62 2
8 63 1
8 64 1
8 74 1
8 75 1
8 82 2
8 89 1
8 90 1
8 91 1
8 92 1
8 96 1
9 1 4
9 3 2
9 4 1
9 5 3
9 7 2
9 10 3
9 13 3
9 16 1
9 20 1
9 25 2
9 26 1
9 27 3
9 28 2
9 29 1
9 31 1
9 32 1
9 37 1
9 38 2
9 41 1
9 43 2
9 44 2
9 52 1
9 56 1
9 58 1
9 59 1
9 62 2
9 65 1
9 68 1
9 75 1
9 78 1
9 81 2
9 85 1
9 86 1
9 87 1
9 89 1
10 0 9
10 1 8
10 2 6
10 3 8
10 4 1
10 5 2
10 6 1
10 7 11
10 8 1
10 9 2
10 11 4
10 13 4
10 14 5
10 15 1
10 16 6
10 17 4
10 18 2
10 20 2
10 21 1
10 22 2
10 25 10
10 26 1
10 27 6
10 28 2
10 29 2
10 31 7
10 32 1
10 34 2
10 35 3
10 38 6
10 40 1
10 41 2
10 45 1
10 46 1
10 48 1
10 50 3
10 51 3
10 53 1
10 54 3
10 55 4
10 56 1
10 57 2
10 58 1
10 59 2
10 60 3
10 62 2
10 63 6
10 64 2
10 65 1
10 66 1
10 67 1
10 68 2
10 70 1
10 72 1
10 73 1
10 74 1
10 75 4
10 76 1
10 79 1
10 84 1
10 85 2
10 87 1
10 88 1
10 89 1
10 90 1
10 93 1
11 0 2
11 2 4
11 3 1
11 4 1
11 6 1
11 7 5
11 8 1
11 10 3
11 13 3
11 19 3
11 21 1
11 22 2
11 25 1
11 26 2
11 27 2
11 29 2
11 31 1
11 32 1
11 36 1
11 38 2
11 41 1
11 42 1
11 48 1
11 50 1
11 54 1
11 55 1
11 58 1
11 59 1
11 62 2
11 78 1
11 95 1
12 0 3
12 2 1
12 3 2
12 10 1
12 25 1
12 27 1
12 28 1
12 31 1
12 38 2
12 51 2
12 58 1
12 69 1
12 75 1
12 82 1
12 93 1
13 0 10
13 1 8
13 2 5
13 3 6
13 4 2
13 7 10
13 8 4
13 9 1
13 10 5
13 14 10
13 15 3
13 16 6
13 17 5
13 18 1
13 20 4
13 23 2
13 25 5
13 26 5
13 27 5
13 28 3
13 30 1
13 31 6
13 32 2
13 33 2
13 34 3
13 35 1
13 37 1
13 38 1
13 39 4
13 41 2
13 42 1
13 45 1
13 46 1
13 48 2
13 50 9
13 51 4
13 52 1
13 53 4
13 54 2
13 55 1
13 56 2
13 57 5
13 62 3
13 68 3
13 70 1
13 71 1
13 75 7
13 79 2
13 82 1
13 85 2
13 89 1
13 91 1
13 92 1
13 93 2
14 0 13
14 1 5
14 2 10
14 3 10
14 4 4
14 5 3
14 6 1
14 7 9
14 8 5
14 9 4
14 10 8
14 11 2
14 13 4
14 15 2
14 16 2
14 17 5
14 19 3
14 20 8
14 22 1
14 24 2
14 25 6
14 26 2
14 27 6
14 28 4
14 30 1
14 31 6
14 32 1
14 33 1
14 34 3
14 38 4
14 39 2
14 43 2
14 44 4
14 47 1
14 50 4
14 51 6
14 53 4
14 54 3
14 55 3
14 56 2
14 58 4
14 59 2
14 61 1
14 62 3
14 63 3
14 64 2
14 68 1
14 69 2
14 72 2
14 73 1
14 75 8
14 76 3
14 77 1
14 78 3
14 79 1
14 81 2
14 83 1
14 84 1
14 87 1
14 88 1
14 89 1
14 90 1
14 95 2
14 96 1
15 0 2
15 1 1
15 3 4
15 4 1
15 6 1
15 7 2
15 8 1
15 9 1
15 10 1
15 11 1
15 14 2
15 16 1
15 19 1
15 25 1
15 26 1
15 27 1
15 28 1
15 32 1
15 33 2
15 34 1
15 38 2
15 39 1
15 40 1
15 41 2
15 48 1
15 50 1
15 51 1
15 53 1
15 62 1
15 63 1
15 70 1
15 75 2
15 78 1
15 87 1
16 0 1
16 1 2
16 2 4
16 3 2
16 4 2
16 5 1
16 7 5
16 8 2
16 9 1
16 10 2
16 13 1
16 14 3
16 17 3
16 20 3
16 21 1
16 25 2
16 27 2
16 30 1
16 31 2
16 32 1
16 33 1
16 38 2
16 39 1
16 44 3
16 47 1
16 50 2
16 51 2
16 53 3
16 55 3
16 56 2
16 58 1
16 60 1
16 65 1
16 68 2
16 78 1
16 79 1
16 81 1
16 85 1
16 87 1
16 96 1
17 0 7
17 1 2
17 2 4
17 3 3
17 4 2
17 5 2
17 7 6
17 8 2
17 9 1
17 10 3
17 11 3
17 13 1
17 14 2
17 16 1
17 18 2
17 20 4
17 22 3
17 24 1
17 25 3
17 27 3
17 28 2
17 29 3
17 31 1
17 32 1
17 33 2
17 34 1
17 38 2
17 39 2
17 41 3
17 42 1
17 48 1
17 50 2
17 51 5
17 53 1
17 54 1
17 60 1
17 62 4
17 63 1
17 72 1
17 75 3
17 76 1
17 77 1
17 78 1
17 79 2
17 81 1
17 82 3
17 84 2
17 85 1
17 86 1
17 87 1
17 89 1
17 92 1
17 93 1
17 95 1
17 97 1
17 98 1
18 0 2
18 2 1
18 10 2
18 11 1
18 12 1
18 13 1
18 17 1
18 23 2
18 26 1
18 30 1
18 32 2
18 38 1
18 40 1
18 41 1
18 48 1
18 52 1
18 54 1
18 61 1
18 62 1
18 67 1
18 68 2
18 69 1
18 77 1
18 78 1
18 82 1
19 0 5
19 1 7
19 2 3
19 3 6
19 4 2
19 5 2
19 7 7
19 8 1
19 10 1
19 11 2
19 14 3
19 16 2
19 17 1
19 18 1
19 20 3
19 23 1
19 24 1
19 25 5
19 27 1
19 29 1
19 30 1
19 31 1
19 32 1
19 33 2
19 34 1
19 36 2
19 37 1
19 38 4
19 40 1
19 41 2
19 42 1
19 43 1
19 44 1
19 50 4
19 51 2
19 52 1
19 53 2
19 55 1
19 58 1
19 60 1
19 62 1
19 63 1
19 65 3
19 66 2
19 70 1
19 75 1
19 76 1
19 79 1
19 82 2
19 83 1
19 87 1
19 89 1
19 91 1
19 96 1
20 0 8
20 1 4
20 2 4
20 3 5
20 4 5
20 7 5
20 8 2
20 9 1
20 10 2
20 11 1
20 12 1
20 13 4
20 16 1
20 17 2
20 19 1
20 21 1
20 23 1
20 25 3
20 26 2
20 27 4
20 28 1
20 29 1
20 31 3
20 32 1
20 33 1
20 34 1
20 35 1
20 42 1
20 44 1
20 45 1
20 50 2
20 51 5
20 52 1
20 58 1
20 62 3
20 63 1
20 64 1
20 65 1
20 66 1
20 70 1
20 72 1
20 81 2
20 82 2
20 84 1
20 86 1
20 88 2
20 89 1
20 92 1
21 0 1
21 1 3
21 4 2
21 7 3
21 12 1
21 19 1
21 22 1
21 37 1
21 38 3
21 44 1
21 47 1
21 51 1
21 53 1
21 54 2
21 61 1
21 62 2
21 63 2
21 90 1
22 0 4
22 1 2
22 2 1
22 3 4
22 4 2
22 5 1
22 7 1
22 8 2
22 10 2
22 11 1
22 13 3
22 16 1
22 19 1
22 21 1
22 25 2
22 27 2
22 29 1
22 31 1
22 32 1
22 34 1
22 38 2
22 41 1
22 44 1
22 48 1
22 50 2
22 51 1
22 54 1
22 56 1
22 57 1
22 58 2
22 62 1
22 68 1
22 70 1
22 75 2
22 77 1
22 79 1
22 80 1
22 93 1
22 98 2
23 0 1
23 2 2
23 3 1
23 7 2
23 25 1
23 27 1
23 28 1
23 34 1
23 42 2
23 51 1
23 53 1
23 59 1
23 64 1
23 65 2
23 68 1
23 78 1
23 84 1
23 85 1
23 87 2
23 92 1
24 0 3
24 1 1
24 3 2
24 7 2
24 13 3
24 14 1
24 15 2
24 16 2
24 17 1
24 21 1
24 25 1
24 26 1
24 27 1
24 31 1
24 33 1
24 34 1
24 37 1
24 38 2
24 49 1
24 50 1
24 51 3
24 54 1
24 62 2
24 65 1
24 75 3
24 79 2
24 82 1
24 93 1
25 0 17
25 1 6
25 2 5
25 3 10
25 4 2
25 5 2
25 6 3
25 7 6
25 8 2
25 9 1
25 10 8
25 13 5
25 14 3
25 15 2
25 16 3
25 17 5
25 18 1
25 19 3
25 20 3
25 22 2
25 26 3
25 27 3
25 28 5
25 29 3
25 30 2
25 31 2
25 32 4
25 33 1
25 34 2
25 35 1
25 36 3
25 38 2
25 39 2
25 41 1
25 43 1
25 44 2
25 45 1
25 50 5
25 51 6
25 52 1
25 53 4
25 55 6
25 56 4
25 57 2
25 58 3
25 59 2
25 62 3
25 63 2
25 64 3
25 67 1
25 68 4
25 69 1
25 74 1
25 75 3
25 76 1
25 77 1
25 78 4
25 79 1
25 81 2
25 82 2
25 84 1
25 85 1
25 86 1
25 87 1
25 88 1
25 89 2
25 91 1
25 94 1
25 96 2
26 0 4
26 1 2
26 2 2
26 3 6
26 4 1
26 5 1
26 6 1
26 7 3
26 8 2
26 10 3
26 11 1
26 13 4
26 15 1
26 16 1
26 17 3
26 19 1
26 20 1
26 21 1
26 22 3
26 24 1
26 27 1
26 29 2
26 31 1
26 32 1
26 33 1
26 34 1
26 36 1
26 38 4
26 40 1
26 41 1
26 42 2
26 44 1
26 50 5
26 51 1
26 52 1
26 53 1
26 54 2
26 56 1
26 62 1
26 63 1
26 64 1
26 67 1
26 68 1
26 70 1
26 72 1
26 75 1
26 78 1
26 79 1
26 82 2
26 84 1
26 87 1
26 88 1
26 89 1
26 91 1
26 92 1
26 93 1
26 97 1
27 0 12
27 1 4
27 2 9
27 3 7
27 4 1
27 5 3
27 6 1
27 7 6
27 8 1
27 10 6
27 11 1
27 12 1
27 13 4
27 14 10
27 15 1
27 16 4
27 17 1
27 18 1
27 19 3
27 20 3
27 21 2
27 22 1
27 24 1
27 25 6
27 26 1
27 28 2
27 30 3
27 31 5
27 32 2
27 33 3
27 34 2
27 35 1
27 37 1
27 38 3
27 39 1
27 41 2
27 42 2
27 44 4
27 45 1
27 50 4
27 51 7
27 53 1
27 54 1
27 56 6
27 59 1
27 61 1
27 62 1
27 64 2
27 65 2
27 70 1
27 72 1
27 73 1
27 75 2
27 76 3
27 77 2
27 79 3
27 80 2
27 84 2
27 85 1
27 87 1
27 89 1
27 92 1
27 93 1
27 98 1
28 0 7
28 1 4
28 2 3
28 3 5
28 4 1
28 6 1
28 7 3
28 8 1
28 9 1
28 10 1
28 13 1
28 14 3
28 16 1
28 17 4
28 19 3
28 20 1
28 25 6
28 26 2
28 27 2
28 31 4
28 32 2
28 33 2
28 34 2
28 38 2
28 39 1
28 44 4
28 48 1
28 50 4
28 51 4
28 53 1
28 56 3
28 57 1
28 58 1
28 59 1
28 62 1
28 63 2
28 64 2
28 65 2
28 68 1
28 70 1
28 75 2
28 78 1
28 80 1
28 81 1
28 82 3
28 85 1
28 86 1
28 87 1
28 93 1
28 95 1
29 0 5
29 2 1
29 7 1
29 10 2
29 13 1
29 14 1
29 15 1
29 16 1
29 17 1
29 19 1
29 20 1
29 23 1
29 25 2
29 26 1
29 27 1
29 28 1
29 31 2
29 33 2
29 37 1
29 38 2
29 39 1
29 41 1
29 44 1
29 50 2
29 53 1
29 54 1
29 57 1
29 66 1
29 72 1
29 75 1
29 78 2
29 79 1
29 80 1
29 81 3
29 87 1
29 88 1
30 0 5
30 1 1
30 2 2
30 3 2
30 4 1
30 7 3
30 8 2
30 14 2
30 18 2
30 21 1
30 25 2
30 27 2
30 28 2
30 31 1
30 33 1
30 38 3
30 45 1
30 52 1
30 53 1
30 55 1
30 56 1
30 58 1
30 59 3
30 62 1
30 65 1
30 75 3
30 80 1
30 82 2
30 96 1
31 0 13
31 1 2
31 2 2
31 3 8
31 4 1
31 5 2
31 7 5
31 8 1
31 9 1
31 10 3
31 11 1
31 13 2
31 14 4
31 15 1
31 16 2
31 17 2
31 19 4
31 20 1
31 22 2
31 25 2
31 26 1
31 27 6
31 32 1
31 33 2
31 34 3
31 36 1
31 38 4
31 39 1
31 41 1
31 42 1
31 44 1
31 48 1
31 50 2
31 51 3
31 53 1
31 55 2
31 56 4
31 57 2
31 58 1
31 60 1
31 62 1
31 64 2
31 65 3
31 67 1
31 69 1
31 70 1
31 71 1
31 74 2
31 75 4
31 76 3
31 77 1
31 78 1
31 81 2
31 82 2
31 84 1
31 85 2
31 87 2
31 89 1
31 95 1
32 0 4
32 1 3
32 2 2
32 3 2
32 4 2
32 7 5
32 8 1
32 10 1
32 12 1
32 14 3
32 16 3
32 23 1
32 25 1
32 26 2
32 27 2
32 28 1
32 30 1
32 31 1
32 36 1
32 44 1
32 46 1
32 50 1
32 51 2
32 53 1
32 54 1
32 61 2
32 64 1
32 65 1
32 69 1
32 75 1
32 79 1
32 81 1
32 82 1
32 83 2
32 87 1
32 95 1
33 0 5
33 1 1
33 3 3
33 5 1
33 6 1
33 7 1
33 8 1
33 14 2
33 16 1
33 22 2
33 27 1
33 28 1
33 31 4
33 34 1
33 40 1
33 44 2
33 51 1
33 53 1
33 54 1
33 56 2
33 58 1
33 61 1
33 63 1
33 66 1
33 68 1
33 82 1
33 89 1
34 0 5
34 1 3
34 2 1
34 3 2
34 4 3
34 5 2
34 7 5
34 10 2
34 13 4
34 14 2
34 15 1
34 16 1
34 17 1
34 19 1
34 27 1
34 28 3
34 29 1
34 30 1
34 31 1
34 33 2
34 35 1
34 38 1
34 39 1
34 41 3
34 44 1
34 48 1
34 50 3
34 51 2
34 52 2
34 53 1
34 55 2
34 56 2
34 59 1
34 63 1
34 64 1
34 65 1
34 75 3
34 76 2
34 78 2
34 87 2
34 93 2
34 96 1
35 0 1
35 1 1
35 3 1
35 6 1
35 7 2
35 8 2
35 10 1
35 12 1
35 13 2
35 14 1
35 16 1
35 20 1
35 23 1
35 26 1
35 27 1
35 28 1
35 30 1
35 39 1
35 45 1
35 50 1
35 51 2
35 69 1
35 95 1
36 0 1
36 2 3
36 3 3
36 7 1
36 14 1
36 20 1
36 25 1
36 26 1
36 27 1
36 29 1
36 31 1
36 39 1
36 47 1
36 50 1
36 51 1
36 56 1
36 57 1
36 58 1
36 75 2
36 76 1
36 79 2
36 87 1
37 5 1
37 8 1
37 25 1
37 39 1
37 53 1
37 68 1
38 0 7
38 1 2
38 2 4
38 3 3
38 4 1
38 5 3
38 7 2
38 8 4
38 10 2
38 11 1
38 12 1
38 13 5
38 14 2
38 15 1
38 16 2
38 17 2
38 19 1
38 20 1
38 22 1
38 25 6
38 26 2
38 27 3
38 28 2
38 30 3
38 31 3
38 32 2
38 33 2
38 34 2
38 35 1
38 36 1
38 39 1
38 40 1
38 41 3
38 42 1
38 44 1
38 45 1
38 47 1
38 49 1
38 50 4
38 51 6
38 52 1
38 53 5
38 54 2
38 55 4
38 56 3
38 57 1
38 58 2
38 59 4
38 61 2
38 62 1
38 63 4
38 64 1
38 65 1
38 68 1
38 69 1
38 70 1
38 71 1
38 74 1
38 75 3
38 76 2
38 78 1
38 79 2
38 80 1
38 81 1
38 84 1
38 87 1
38 88 1
38 94 1
38 96 1
39 0 2
39 1 1
39 2 3
39 3 3
39 7 1
39 10 1
39 11 2
39 13 1
39 17 1
39 25 3
39 26 1
39 29 2
39 41 2
39 44 1
39 50 3
39 51 4
39 64 1
39 65 2
39 67 1
39 68 1
39 72 1
39 74 1
39 75 1
39 76 1
39 79 2
39 81 2
39 87 1
39 90 1
39 97 1
40 0 1
40 1 1
40 2 1
40 3 1
40 4 1
40 7 2
40 10 1
40 14 1
40 17 1
40 26 1
40 27 1
40 34 1
40 36 2
40 41 1
40 48 1
40 51 1
40 54 2
40 58 1
40 59 1
40 61 1
40 67 1
40 68 1
40 75 2
40 82 1
40 84 1
40 89 1
40 95 1
41 0 9
41 3 3
41 4 2
41 7 8
41 8 1
41 9 1
41 10 2
41 12 1
41 13 2
41 14 3
41 15 1
41 16 1
41 22 1
41 25 1
41 26 1
41 27 1
41 28 2
41 31 1
41 32 1
41 33 1
41 34 1
41 38 2
41 44 1
41 50 2
41 52 2
41 53 1
41 54 1
41 55 1
41 56 1
41 58 2
41 61 1
41 62 2
41 68 1
41 69 1
41 70 1
41 72 1
41 81 2
41 84 1
41 85 1
41 89 1
42 0 1
42 1 2
42 2 1
42 7 1
42 8 1
42 10 1
42 13 2
42 14 1
42 19 1
42 21 1
42 29 1
42 37 1
42 41 1
42 50 1
42 51 1
42 56 1
42 60 1
42 65 1
42 68 1
42 78 1
43 0 1
43 3 1
43 4 1
43 13 2
43 14 1
43 15 1
43 17 1
43 41 1
43 51 1
43 70 1
44 0 7
44 1 4
44 2 6
44 3 5
44 4 2
44 5 1
44 6 1
44 7 5
44 8 4
44 9 1
44 10 2
44 11 1
44 13 1
44 14 2
44 16 2
44 19 2
44 25 2
44 26 3
44 29 1
44 30 2
44 31 1
44 33 1
44 34 1
44 36 1
44 41 2
44 42 2
44 43 1
44 48 1
44 50 1
44 51 1
44 52 2
44 53 1
44 55 1
44 56 1
44 57 2
44 58 2
44 62 1
44 64 1
44 65 1
44 67 2
44 68 1
44 69 1
44 70 1
44 72 1
44 75 3
44 78 1
44 80 1
44 82 1
44 87 1
44 92 1
45 1 1
45 2 1
45 3 2
45 4 2
45 6 1
45 7 2
45 8 2
45 9 2
45 10 1
45 13 2
45 14 1
45 17 2
45 22 1
45 23 1
45 24 1
45 25 1
45 34 1
45 38 1
45 41 1
45 50 1
45 51 1
45 54 2
45 61 1
45 62 1
45 75 2
45 76 2
45 79 1
46 0 1
46 3 2
46 7 2
46 10 1
46 18 1
46 20 1
46 25 1
46 29 1
46 38 1
46 50 1
46 60 1
46 80 1
47 0 2
47 1 1
47 2 1
47 3 3
47 7 1
47 8 2
47 14 2
47 17 1
47 22 1
47 25 1
47 27 1
47 30 1
47 40 1
47 50 1
47 61 2
47 62 1
47 64 1
47 65 1
47 78 2
47 79 2
47 81 1
48 0 2
48 1 1
48 2 1
48 3 3
48 8 1
48 14 1
48 31 1
48 34 1
48 38 1
48 41 1
48 45 1
48 50 1
48 52 1
48 53 1
48 58 2
48 66 1
48 76 1
48 81 1
48 82 1
48 87 1
48 89 2
48 95 1
49 10 1
49 25 1
49 27 1
49 31 1
49 34 1
49 50 1
49 54 1
49 76 1
49 81 1
50 0 14
50 1 5
50 2 6
50 3 5
50 4 2
50 5 1
50 6 2
50 7 14
50 8 8
50 10 4
50 11 1
50 13 7
50 14 10
50 16 5
50 17 4
50 18 1
50 19 4
50 20 3
50 22 2
50 25 12
50 26 4
50 27 8
50 28 2
50 29 1
50 30 4
50 31 3
50 32 2
50 33 2
50 34 5
50 35 1
50 36 1
50 39 3
50 41 2
50 44 8
50 47 1
50 51 7
50 53 2
50 54 5
50 55 1
50 56 9
50 57 1
50 58 2
50 59 2
50 61 1
50 62 2
50 64 4
50 65 1
50 66 1
50 68 4
50 70 1
50 71 1
50 72 1
50 75 7
50 76 2
50 78 1
50 81 3
50 87 2
50 88 1
50 89 1
50 92 2
50 93 2
50 94 1
50 95 1
50 96 1
51 0 12
51 1 5
51 2 7
51 3 11
51 4 2
51 5 4
51 6 1
51 7 7
51 10 4
51 13 5
51 14 10
51 15 1
51 16 4
51 17 5
51 18 1
51 19 1
51 20 3
51 22 1
51 24 4
51 25 5
51 26 6
51 27 7
51 28 5
51 29 3
51 30 2
51 31 4
51 32 1
51 33 1
51 34 3
51 35 2
51 36 2
51 38 3
51 39 1
51 40 1
51 41 4
51 42 2
51 44 1
51 46 1
51 47 1
51 48 2
51 49 1
51 50 5
51 52 1
51 53 1
51 54 2
51 55 2
51 56 3
51 58 3
51 59 1
51 60 1
51 61 3
51 62 5
51 63 1
51 65 2
51 70 1
51 73 1
51 75 1
51 76 1
51 78 1
51 81 3
51 82 2
51 85 1
51 87 4
51 88 1
51 89 2
51 90 2
51 95 2
52 0 6
52 1 4
52 7 2
52 8 1
52 9 1
52 10 1
52 12 2
52 14 1
52 17 2
52 19 1
52 23 1
52 25 2
52 29 2
52 30 1
52 38 1
52 41 1
52 50 1
52 53 2
52 55 1
52 56 1
52 61 1
52 62 2
52 70 1
52 72 2
52 75 1
52 77 1
52 79 1
52 80 1
52 87 1
52 95 1
53 0 4
53 1 2
53 2 4
53 3 4
53 5 2
53 7 8
53 8 2
53 9 1
53 10 4
53 11 2
53 13 3
53 14 3
53 15 1
53 16 2
53 17 1
53 18 1
53 19 1
53 20 2
53 22 1
53 24 1
53 25 2
53 26 2
53 27 2
53 28 2
53 31 1
53 32 1
53 33 1
53 34 2
53 35 1
53 38 2
53 39 1
53 41 4
53 43 2
53 46 1
53 48 1
53 50 4
53 51 4
53 52 1
53 56 1
53 58 3
53 62 3
53 64 1
53 65 2
53 68 1
53 69 2
53 73 1
53 78 1
53 79 2
53 81 1
53 82 1
53 85 1
53 87 2
53 90 1
53 91 1
53 92 1
53 93 1
54 0 3
54 1 2
54 2 1
54 3 4
54 6 1
54 7 4
54 11 2
54 13 1
54 14 1
54 16 2
54 17 3
54 23 1
54 25 4
54 27 1
54 28 2
54 30 1
54 39 1
54 44 1
54 48 1
54 50 3
54 51 1
54 55 1
54 57 1
54 63 1
54 67 1
54 72 1
54 75 1
54 78 1
54 86 1
54 90 1
54 92 1
55 0 7
55 1 3
55 2 3
55 3 2
55 4 1
55 5 3
55 7 7
55 8 3
55 9 1
55 10 3
55 11 1
55 13 4
55 14 2
55 15 1
55 16 3
55 17 2
55 19 1
55 20 1
55 25 1
55 26 1
55 27 3
55 32 1
55 33 1
55 34 2
55 36 1
55 38 6
55 39 1
55 40 1
55 41 2
55 47 1
55 50 1
55 51 2
55 52 1
55 53 1
55 56 1
55 57 1
55 67 1
55 68 1
55 70 1
55 71 1
55 72 2
55 75 1
55 76 1
55 79 2
55 82 1
55 84 1
55 87 1
55 90 1
56 0 6
56 1 2
56 2 3
56 3 5
56 4 2
56 5 2
56 6 2
56 7 5
56 8 5
56 9 1
56 10 2
56 13 1
56 14 2
56 15 2
56 16 5
56 17 2
56 18 1
56 20 2
56 22 2
56 24 1
56 25 5
56 26 3
56 27 3
56 30 2
56 31 3
56 32 1
56 34 2
56 35 2
56 36 2
56 39 1
56 41 2
56 44 1
56 47 1
56 48 1
56 50 3
56 51 1
56 53 2
56 55 4
56 58 2
56 63 2
56 65 2
56 66 1
56 68 2
56 71 1
56 72 2
56 75 1
56 78 1
56 81 1
56 82 1
56 84 1
56 85 1
56 87 1
56 88 1
56 89 2
56 91 2
56 92 1
57 0 2
57 1 1
57 2 5
57 4 4
57 5 3
57 6 1
57 7 2
57 10 3
57 13 2
57 14 1
57 19 1
57 20 1
57 29 1
57 31 2
57 32 1
57 34 1
57 38 4
57 41 2
57 46 1
57 50 1
57 51 1
57 52 1
57 56 1
57 59 1
57 62 1
57 65 1
57 72 1
57 75 1
57 78 1
57 81 1
58 0 6
58 1 3
58 2 2
58 3 1
58 4 1
58 7 5
58 8 1
58 9 1
58 10 3
58 12 1
58 13 3
58 14 1
58 16 2
58 17 1
58 20 1
58 21 1
58 22 1
58 25 2
58 26 1
58 27 4
58 28 1
58 30 2
58 31 1
58 32 2
58 35 1
58 36 1
58 38 2
58 39 2
58 40 1
58 43 1
58 44 2
58 45 1
58 47 1
58 50 3
58 51 1
58 55 2
58 56 2
58 57 1
58 62 3
58 63 2
58 68 1
58 75 1
58 78 1
58 81 1
58 84 1
58 90 1
58 93 1
58 96 1
58 98 1
59 1 2
59 2 4
59 3 2
59 5 1
59 7 2
59 9 1
59 10 1
59 11 1
59 14 2
59 25 2
59 26 1
59 27 1
59 29 1
59 31 2
59 34 1
59 38 2
59 39 1
59 44 1
59 50 3
59 51 2
59 53 1
59 60 1
59 62 2
59 75 3
59 78 1
60 0 2
60 1 1
60 2 2
60 3 2
60 7 1
60 8 1
60 10 1
60 14 1
60 20 1
60 23 1
60 35 1
60 38 1
60 43 1
60 44 1
60 48 1
60 50 2
60 51 1
60 53 2
60 55 1
60 56 1
60 68 1
60 77 1
60 84 1
60 90 1
60 91 1
61 0 1
61 5 1
61 9 1
61 10 1
61 11 1
61 13 2
61 16 1
61 20 1
61 25 1
61 30 1
61 31 2
61 50 2
61 54 1
61 64 1
61 65 1
61 69 1
61 75 1
61 88 1
62 0 7
62 1 3
62 2 3
62 3 7
62 4 1
62 5 1
62 6 1
62 7 3
62 10 3
62 13 3
62 14 4
62 17 2
62 18 1
62 19 2
62 20 2
62 21 3
62 22 1
62 25 3
62 26 3
62 30 1
62 31 4
62 34 3
62 36 1
62 38 2
62 39 1
62 46 1
62 47 1
62 50 5
62 53 1
62 54 1
62 56 2
62 57 1
62 58 5
62 59 2
62 63 3
62 64 2
62 70 1
62 72 1
62 73 1
62 75 2
62 78 3
62 81 1
62 82 1
62 92 1
62 93 1
62 99 1
63 0 5
63 1 3
63 2 2
63 3 3
63 7 2
63 10 1
63 13 3
63 16 1
63 17 1
63 21 1
63 26 1
63 30 1
63 32 1
63 33 1
63 34 2
63 38 1
63 39 1
63 40 2
63 41 2
63 47 1
63 50 1
63 51 3
63 54 1
63 56 1
63 57 1
63 62 1
63 71 1
63 75 3
63 76 1
63 83 1
64 1 4
64 3 4
64 5 1
64 6 1
64 7 4
64 10 1
64 14 1
64 16 3
64 17 1
64 20 2
64 24 1
64 25 2
64 26 1
64 28 1
64 29 1
64 31 2
64 36 1
64 38 1
64 39 1
64 41 2
64 50 1
64 56 3
64 63 1
64 67 1
64 68 1
64 77 1
64 78 1
64 81 3
64 98 1
65 0 6
65 1 4
65 2 2
65 3 2
65 4 1
65 5 3
65 6 1
65 7 4
65 10 3
65 13 2
65 14 2
65 15 2
65 16 2
65 17 1
65 19 1
65 21 1
65 22 1
65 26 2
65 27 3
65 28 1
65 29 1
65 30 1
65 31 2
65 34 1
65 38 4
65 40 1
65 41 2
65 44 1
65 48 1
65 51 2
65 53 1
65 54 3
65 57 2
65 58 2
65 62 4
65 70 2
65 72 1
65 74 1
65 79 1
65 81 1
65 87 1
65 88 1
65 93 1
66 0 1
66 1 1
66 2 1
66 3 2
66 7 1
66 10 1
66 12 1
66 14 1
66 16 1
66 20 1
66 22 1
66 27 1
66 41 1
66 48 1
66 75 2
66 77 1
66 81 1
66 90 1
66 93 1
66 96 1
67 1 2
67 2 1
67 5 1
67 13 2
67 14 1
67 16 1
67 17 1
67 19 1
67 20 3
67 22 1
67 31 1
67 35 1
67 37 1
67 50 1
67 51 2
67 55 1
67 58 1
67 62 2
67 63 1
67 78 1
67 94 1
68 0 9
68 1 1
68 2 1
68 3 4
68 5 3
68 7 4
68 9 1
68 10 2
68 12 1
68 14 1
68 15 1
68 16 2
68 19 1
68 20 1
68 22 1
68 25 1
68 26 1
68 27 1
68 29 1
68 31 2
68 34 1
68 36 2
68 38 1
68 44 1
68 47 2
68 50 1
68 51 4
68 52 1
68 55 1
68 57 1
68 58 2
68 61 1
68 65 1
68 67 1
68 72 1
68 75 1
68 78 1
68 79 1
68 85 1
68 87 1
69 1 1
69 7 2
69 13 2
69 16 1
69 25 1
69 27 1
69 33 1
69 39 1
69 47 1
69 50 1
69 51 2
69 52 1
69 56 1
69 62 1
69 68 1
69 70 1
69 77 1
70 0 1
70 7 1
70 14 2
70 15 1
70 16 2
70 26 1
70 29 1
70 30 1
70 44 1
70 50 2
70 52 1
70 53 1
70 57 1
70 90 1
71 1 1
71 3 2
71 5 1
71 7 1
71 19 1
71 25 1
71 32 1
71 47 1
71 62 1
71 65 1
71 70 1
71 72 1
71 95 1
72 0 1
72 2 3
72 4 1
72 7 2
72 10 1
72 13 2
72 14 1
72 16 2
72 19 1
72 26 1
72 27 2
72 33 2
72 34 1
72 35 1
72 44 1
72 50 2
72 53 1
72 54 1
72 56 1
72 58 3
72 75 1
72 81 1
72 91 1
73 0 1
73 19 1
73 25 1
73 36 1
73 51 1
73 66 1
74 22 1
74 28 1
74 33 1
74 38 1
74 75 1
75 0 10
75 1 2
75 2 4
75 3 8
75 4 2
75 5 2
75 6 1
75 7 7
75 8 1
75 10 4
75 11 1
75 12 2
75 13 4
75 14 4
75 15 1
75 16 3
75 17 2
75 18 2
75 19 4
75 20 2
75 23 1
75 25 5
75 26 4
75 27 6
75 28 1
75 31 1
75 32 1
75 36 1
75 38 1
75 39 1
75 42 1
75 44 1
75 45 1
75 50 6
75 51 3
75 52 2
75 53 5
75 54 1
75 55 1
75 56 3
75 57 1
75 58 2
75 59 3
75 62 3
75 63 2
75 64 1
75 65 2
75 68 1
75 72 1
75 73 1
75 76 1
75 78 1
75 82 3
75 84 2
75 87 1
75 88 1
75 90 1
75 94 1
75 96 2
76 0 2
76 1 1
76 2 1
76 3 2
76 5 1
76 7 2
76 10 3
76 14 1
76 15 1
76 16 1
76 20 2
76 22 1
76 25 5
76 27 2
76 31 4
76 36 1
76 38 3
76 48 1
76 51 3
76 55 1
76 56 2
76 57 1
76 58 2
76 61 1
76 62 2
76 72 1
76 80 1
76 98 1
77 0 2
77 2 1
77 3 1
77 4 1
77 10 2
77 16 2
77 17 1
77 19 2
77 25 2
77 27 1
77 31 2
77 41 1
77 54 1
77 62 1
77 69 1
77 70 1
78 0 4
78 1 2
78 2 2
78 3 1
78 5 1
78 7 1
78 8 1
78 9 1
78 13 1
78 14 1
78 16 1
78 17 1
78 21 1
78 25 1
78 27 1
78 31 1
78 32 1
78 40 1
78 44 1
78 50 1
78 51 1
78 52 1
78 53 1
78 56 1
78 57 1
78 58 1
78 67 1
78 75 2
78 83 1
78 84 2
78 90 1
78 93 1
79 0 4
79 1 4
79 2 1
79 3 5
79 4 1
79 5 1
79 6 1
79 7 4
79 9 1
79 10 1
79 13 3
79 15 3
79 16 1
79 20 1
79 24 1
79 25 1
79 28 2
79 31 1
79 32 1
79 33 1
79 36 1
79 38 1
79 41 1
79 43 1
79 44 1
79 47 1
79 50 1
79 51 2
79 52 1
79 53 1
79 56 1
79 57 1
79 58 1
79 66 1
79 67 1
79 68 1
79 70 1
79 73 1
79 75 3
79 76 1
79 88 1
79 91 1
79 93 1
80 13 1
80 14 1
80 20 1
80 26 1
80 27 1
80 51 1
80 56 1
80 72 1
80 75 1
80 82 1
80 87 1
81 1 1
81 2 1
81 3 4
81 5 1
81 7 2
81 8 1
81 10 5
81 11 1
81 12 2
81 14 1
81 15 1
81 19 2
81 22 2
81 27 1
81 28 1
81 31 1
81 32 2
81 35 1
81 38 2
81 39 1
81 40 1
81 41 1
81 44 1
81 49 1
81 50 2
81 52 1
81 53 1
81 54 2
81 56 2
81 58 1
81 63 1
81 64 1
81 65 1
81 68 1
81 69 1
81 75 2
81 77 1
81 78 1
81 83 1
81 93 1
82 0 2
82 2 1
82 3 1
82 4 2
82 5 1
82 7 4
82 9 1
82 10 1
82 13 5
82 14 1
82 15 1
82 16 2
82 18 1
82 20 1
82 22 1
82 24 1
82 27 2
82 28 1
82 29 1
82 31 1
82 33 1
82 44 1
82 51 2
82 52 1
82 53 1
82 54 1
82 55 1
82 57 1
82 59 1
82 60 2
82 62 1
82 66 1
82 68 2
82 70 1
82 75 1
82 80 1
82 84 1
83 1 1
83 2 1
83 7 1
83 8 1
83 14 1
83 20 1
83 22 1
83 28 1
83 31 1
83 34 1
83 38 1
83 39 1
83 50 1
83 56 1
83 58 1
84 3 3
84 4 1
84 7 3
84 8 1
84 13 1
84 14 1
84 22 1
84 27 1
84 30 1
84 31 1
84 41 1
84 50 2
84 53 1
84 54 1
84 56 2
84 57 1
84 62 1
84 63 1
84 64 1
84 66 1
84 68 1
84 82 1
84 88 1
85 0 4
85 3 4
85 7 1
85 26 1
85 27 3
85 29 1
85 31 1
85 32 1
85 51 1
85 55 2
85 56 1
85 64 1
85 73 1
85 78 2
86 0 1
86 1 1
86 6 1
86 13 1
86 15 1
86 24 1
86 28 1
86 51 1
86 65 1
87 0 6
87 1 2
87 2 3
87 3 4
87 7 3
87 8 1
87 10 1
87 14 3
87 15 1
87 19 2
87 20 1
87 22 2
87 24 1
87 25 1
87 26 2
87 27 1
87 28 1
87 29 1
87 31 2
87 32 1
87 38 2
87 41 1
87 44 1
87 53 1
87 58 1
87 62 3
87 63 1
87 64 2
87 65 1
87 69 1
87 72 1
87 75 1
87 76 1
87 78 1
87 88 1
87 89 2
87 93 1
88 0 1
88 1 1
88 2 1
88 5 2
88 6 1
88 7 1
88 14 2
88 17 1
88 19 1
88 27 1
88 28 1
88 30 1
88 31 2
88 40 1
88 50 1
88 51 1
88 59 1
88 63 2
88 68 1
88 70 1
88 75 2
88 77 2
88 79 1
88 91 1
89 0 4
89 1 1
89 2 2
89 3 4
89 4 1
89 5 2
89 7 2
89 8 1
89 13 2
89 14 2
89 15 1
89 19 1
89 25 1
89 27 1
89 34 1
89 35 1
89 38 4
89 40 1
89 42 1
89 47 1
89 50 2
89 53 1
89 56 1
89 66 1
89 75 1
89 86 1
89 93 1
89 95 1
90 0 2
90 2 1
90 3 1
90 10 2
90 11 1
90 14 1
90 18 1
90 20 1
90 25 1
90 27 1
90 31 1
90 34 1
90 51 4
90 53 2
90 56 2
90 59 1
90 75 1
90 77 1
90 79 1
90 85 1
90 88 1
91 0 1
91 4 1
91 7 2
91 11 1
91 13 1
91 14 1
91 20 1
91 21 1
91 35 1
91 47 2
91 50 1
91 51 3
91 56 1
92 1 1
92 6 2
92 7 1
92 10 1
92 13 1
92 20 1
92 28 1
92 32 1
92 38 1
92 50 1
92 59 1
92 63 1
92 65 1
92 66 1
92 85 1
93 0 3
93 1 1
93 2 2
93 3 3
93 4 1
93 5 1
93 6 1
93 7 1
93 10 3
93 13 2
93 15 1
93 27 1
93 38 1
93 44 1
93 56 1
93 59 1
93 80 1
94 0 4
94 2 1
94 4 1
94 9 1
94 10 1
94 29 1
94 32 1
94 59 1
95 0 5
95 7 1
95 26 1
95 31 2
95 51 1
95 56 1
95 57 1
96 1 2
96 4 2
96 7 2
96 8 1
96 10 1
96 11 1
96 13 2
96 14 1
96 15 1
96 20 1
96 27 1
96 31 1
96 33 1
96 34 1
96 39 1
96 44 1
96 50 1
96 53 2
96 56 1
96 60 1
96 65 1
96 85 1
97 1 1
97 3 1
97 25 1
97 47 1
97 50 1
97 84 1
98 5 2
98 20 1
98 27 1
98 50 1
98 65 1
98 75 1
98 79 1
99 5 1
99 7 1
99 15 1
99 27 1
99 51 1
